11111111111111000111111111111111
11111111111110000011111111111111
11111111111110000011111111111111
11111111111100000001111111111111
11111111111100000001111111111111
11111111111000000000111111111111
11111111111000000000111111111111
11111111110000000000011111111111
11111111110000000000011111111111
11111111100000000000001111111111
11111111101111111111101111111111
11111111101111111111101111111111
11111111000111111111000111111111
11111111000111111111000111111111
11111110000011111110000011111111
11111110000011111110000011111111
11111100000001111100000001111111
11111100000001111100000001111111
11111000000000111000000000111111
11111000000000111000000000111111
11110000000000010000000000011111
11100000000000010000000000011111
11100000000000000000000000001111
11111111111111111111111111111111
11111111111111111111111111111111
11111111111111111111111111111111